# Matter power spectrum P(k) at redshift z=0
# for k=1.04914e-05 to 106.158 h/Mpc,
# number of wavenumbers equal to 622
#    1:k (h/Mpc)              2:P (Mpc/h)^3        
       1.049138297417e-05       5.186354503810e+01 
       2.342396053991e-05       1.123038794638e+02 
       3.640238139057e-05       1.716172547216e+02 
       4.946184620543e-05       2.304713146276e+02 
       6.263814250981e-05       2.892423262758e+02 
       7.596796633553e-05       3.482101119530e+02 
       8.948925424533e-05       4.076125740123e+02 
       1.032415301701e-04       4.676679847612e+02 
       1.172662715409e-04       5.285863682125e+02 
       1.316072992332e-04       5.905763489301e+02 
       1.463111958425e-04       6.538498955142e+02 
       1.614277567488e-04       7.186259761761e+02 
       1.770104782357e-04       7.851336626644e+02 
       1.931170865379e-04       8.536149602377e+02 
       2.098101109954e-04       9.243274996817e+02 
       2.271575033589e-04       9.975471951636e+02 
       2.452333035307e-04       1.073570900408e+03 
       2.641183494231e-04       1.152719074198e+03 
       2.839010248726e-04       1.235338461353e+03 
       3.046780343244e-04       1.321804696613e+03 
       3.265551858987e-04       1.412524802683e+03 
       3.496481550454e-04       1.507939397294e+03 
       3.740831889124e-04       1.608524488923e+03 
       3.999976965230e-04       1.714792576492e+03 
       4.275406519614e-04       1.827292768294e+03 
       4.568727175934e-04       1.946609553484e+03 
       4.881659734104e-04       2.073359696408e+03 
       5.216031196660e-04       2.208186893825e+03 
       5.573760075072e-04       2.351753498754e+03 
       5.956833525744e-04       2.504728924049e+03 
       6.367275073307e-04       2.667774395700e+03 
       6.807102174187e-04       2.841523821677e+03 
       7.278273719295e-04       3.026561178117e+03 
       7.782628781657e-04       3.223395076866e+03 
       8.321819400446e-04       3.432432015231e+03 
       8.897241753011e-04       3.653950110599e+03 
       9.509971377943e-04       3.888075815372e+03 
       1.016070878988e-03       4.134766196267e+03 
       1.084974153626e-03       4.393798979084e+03 
       1.157692734244e-03       4.664772142669e+03 
       1.234170062234e-03       4.947113375307e+03 
       1.314310174133e-03       5.240099161855e+03 
       1.397982562938e-03       5.542851521848e+03 
       1.485028425227e-03       5.854440101332e+03 
       1.575267643511e-03       6.173873632463e+03 
       1.668505865696e-03       6.500117293087e+03 
       1.764541147006e-03       6.832134379847e+03 
       1.863169775457e-03       7.168910032596e+03 
       1.964191069376e-03       7.509469693932e+03 
       2.067411083698e-03       7.852892898651e+03 
       2.172645273635e-03       8.198322231677e+03 
       2.279720235556e-03       8.544968823578e+03 
       2.388474679987e-03       8.892113469400e+03 
       2.498759799330e-03       9.239106881051e+03 
       2.610439182623e-03       9.585365868536e+03 
       2.723388409619e-03       9.930370965608e+03 
       2.837494432745e-03       1.027366298688e+04 
       2.952654831918e-03       1.061483379609e+04 
       3.068777006099e-03       1.095353142860e+04 
       3.185777347645e-03       1.128944121297e+04 
       3.303580431277e-03       1.162229419419e+04 
       3.422118238450e-03       1.195185718254e+04 
       3.541329429728e-03       1.227792637381e+04 
       3.661158671782e-03       1.260032762646e+04 
       3.781556021493e-03       1.291891466919e+04 
       3.902476366811e-03       1.323355958330e+04 
       4.023878922195e-03       1.354415548713e+04 
       4.145726775399e-03       1.385061470290e+04 
       4.267986481737e-03       1.415286229503e+04 
       4.390627701757e-03       1.445083488597e+04 
       4.513622878247e-03       1.474449001597e+04 
       4.636946948623e-03       1.503379285165e+04 
       4.760577089001e-03       1.531869361680e+04 
       4.884492486521e-03       1.559917875752e+04 
       5.008674136805e-03       1.587526111062e+04 
       5.133104663715e-03       1.614690904109e+04 
       5.257768158882e-03       1.641415223830e+04 
       5.382650038740e-03       1.667703007522e+04 
       5.507736917047e-03       1.693547975780e+04 
       5.633016491128e-03       1.718956073175e+04 
       5.758477440235e-03       1.743925245443e+04 
       5.884109334671e-03       1.768460170842e+04 
       6.009902554407e-03       1.792514645758e+04 
       6.135848216151e-03       1.816183504237e+04 
       6.261938107886e-03       1.839425789561e+04 
       6.388164630057e-03       1.862243125202e+04 
       6.514520742663e-03       1.884640751054e+04 
       6.640999917589e-03       1.906612316539e+04 
       6.767596095632e-03       1.928174530777e+04 
       6.894303647678e-03       1.949329292331e+04 
       7.021117339616e-03       1.970069256203e+04 
       7.148032300571e-03       1.990416150967e+04 
       7.275043994112e-03       2.010366595723e+04 
       7.402148192131e-03       2.029933807274e+04 
       7.529340951105e-03       2.049053436521e+04 
       7.656618590514e-03       2.067865294032e+04 
       7.783977673183e-03       2.086262611367e+04 
       7.911414987363e-03       2.104279372889e+04 
       8.038927530377e-03       2.121899393485e+04 
       8.166512493683e-03       2.139138910280e+04 
       8.294167249209e-03       2.156037389743e+04 
       8.421889336845e-03       2.172558653484e+04 
       8.549676452977e-03       2.188722097325e+04 
       8.677526439972e-03       2.204614624292e+04 
       8.805437276528e-03       2.220067324011e+04 
       8.933407068789e-03       2.235178259828e+04 
       9.061434042192e-03       2.249934434227e+04 
       9.189516533947e-03       2.264306011460e+04 
       9.317652986111e-03       2.278364141149e+04 
       9.445841939203e-03       2.292092258237e+04 
       9.574082026307e-03       2.305592194371e+04 
       9.702371967631e-03       2.318679685387e+04 
       9.830710565471e-03       2.331442742862e+04 
       9.959096699559e-03       2.343879254039e+04 
       1.008752932275e-02       2.355909306539e+04 
       1.021600745704e-02       2.367734578072e+04 
       1.034453018986e-02       2.379348088899e+04 
       1.047309667066e-02       2.390531196658e+04 
       1.060170610770e-02       2.401309138407e+04 
       1.073035776513e-02       2.411951661647e+04 
       1.085905096024e-02       2.422238381208e+04 
       1.098778506091e-02       2.432340321465e+04 
       1.111655948322e-02       2.441993767419e+04 
       1.124537368931e-02       2.451521832939e+04 
       1.137422718528e-02       2.460573516089e+04 
       1.150311951931e-02       2.469476873248e+04 
       1.163205027989e-02       2.478044427129e+04 
       1.176101909418e-02       2.486399494901e+04 
       1.189002562646e-02       2.494433751979e+04 
       1.201906957675e-02       2.502226614998e+04 
       1.214815067943e-02       2.509855068184e+04 
       1.227726870206e-02       2.517134893455e+04 
       1.240642344421e-02       2.524162442842e+04 
       1.253561473638e-02       2.530888002536e+04 
       1.266484243907e-02       2.537421203564e+04 
       1.279410644182e-02       2.543572801726e+04 
       1.292340666237e-02       2.549572291660e+04 
       1.305274304587e-02       2.555456016964e+04 
       1.318211556417e-02       2.560884268015e+04 
       1.331152421514e-02       2.566186720041e+04 
       1.344096902205e-02       2.571348851068e+04 
       1.357045003298e-02       2.576238851296e+04 
       1.369996732034e-02       2.580714482205e+04 
       1.382952098034e-02       2.585215808016e+04 
       1.395911113259e-02       2.589284866609e+04 
       1.408873791967e-02       2.593281538992e+04 
       1.421840150681e-02       2.597059466678e+04 
       1.434810208151e-02       2.600516967834e+04 
       1.447783985328e-02       2.603819339463e+04 
       1.460761505337e-02       2.606967671766e+04 
       1.473742793454e-02       2.609857444930e+04 
       1.486727877086e-02       2.612447000739e+04 
       1.499716785755e-02       2.614930031223e+04 
       1.512709551079e-02       2.617319641761e+04 
       1.525706206766e-02       2.619303201618e+04 
       1.538706788601e-02       2.621192123622e+04 
       1.551711334436e-02       2.622929826745e+04 
       1.564719884192e-02       2.624477322972e+04 
       1.577732479851e-02       2.625725982227e+04 
       1.590749165457e-02       2.626886506775e+04 
       1.603769987118e-02       2.627931579342e+04 
       1.616794993010e-02       2.628745866095e+04 
       1.629824233382e-02       2.629354603449e+04 
       1.642857760562e-02       2.629709374736e+04 
       1.655895628970e-02       2.629982727038e+04 
       1.668937895126e-02       2.630087948340e+04 
       1.681984617665e-02       2.630085856477e+04 
       1.695035857351e-02       2.629856739510e+04 
       1.708091677095e-02       2.629456660034e+04 
       1.721152141972e-02       2.628898237283e+04 
       1.734217319240e-02       2.628109800322e+04 
       1.747287278365e-02       2.627267596744e+04 
       1.760362091042e-02       2.626230387486e+04 
       1.773441831223e-02       2.625117122097e+04 
       1.786526575139e-02       2.623812772966e+04 
       1.799616401333e-02       2.622358788449e+04 
       1.812711390689e-02       2.620728285942e+04 
       1.825811626462e-02       2.618932656114e+04 
       1.838917194314e-02       2.617084510586e+04 
       1.852028182347e-02       2.614972073989e+04 
       1.865144681143e-02       2.612803285169e+04 
       1.878266783799e-02       2.610498588920e+04 
       1.891394585968e-02       2.608059732918e+04 
       1.904528185904e-02       2.605514771323e+04 
       1.917667684501e-02       2.602797414734e+04 
       1.930813185343e-02       2.599979724144e+04 
       1.943964794749e-02       2.597033107183e+04 
       1.957122621822e-02       2.593972046368e+04 
       1.970286778499e-02       2.590779002104e+04 
       1.983457379608e-02       2.587471467233e+04 
       1.996634542916e-02       2.584050667483e+04 
       2.009818389193e-02       2.580575122255e+04 
       2.023009042265e-02       2.576933406262e+04 
       2.036206629077e-02       2.573113282140e+04 
       2.049411279756e-02       2.569245772932e+04 
       2.062623127675e-02       2.565268419137e+04 
       2.075842309519e-02       2.561243755593e+04 
       2.089068965356e-02       2.557059181484e+04 
       2.102303238708e-02       2.552772242742e+04 
       2.115545276623e-02       2.548388992341e+04 
       2.128795229755e-02       2.543910526510e+04 
       2.142053252436e-02       2.539276596493e+04 
       2.155319502765e-02       2.534611858241e+04 
       2.168594142685e-02       2.529893391740e+04 
       2.181877338073e-02       2.525027622976e+04 
       2.195169258825e-02       2.520076188990e+04 
       2.208470078955e-02       2.515002433253e+04 
       2.221779976680e-02       2.509890544985e+04 
       2.235099134525e-02       2.504737584219e+04 
       2.248427739422e-02       2.499428946480e+04 
       2.261765982811e-02       2.494076065179e+04 
       2.275114060748e-02       2.488589409627e+04 
       2.288472174019e-02       2.483092320021e+04 
       2.301840528249e-02       2.477470551574e+04 
       2.315219334022e-02       2.471843842580e+04 
       2.328608806999e-02       2.466049702065e+04 
       2.342009168048e-02       2.460236387709e+04 
       2.355420643368e-02       2.454336330568e+04 
       2.368843464625e-02       2.448388677659e+04 
       2.382277869087e-02       2.442381674275e+04 
       2.395724099765e-02       2.436306079855e+04 
       2.409182405561e-02       2.430148386286e+04 
       2.422653041417e-02       2.423902136052e+04 
       2.436136268472e-02       2.417627007207e+04 
       2.449632354219e-02       2.411319109258e+04 
       2.463141572675e-02       2.404921782536e+04 
       2.476664204549e-02       2.398476193110e+04 
       2.490200537418e-02       2.391967667771e+04 
       2.503750865913e-02       2.385373007669e+04 
       2.517315491901e-02       2.378762292120e+04 
       2.530894724688e-02       2.372123312497e+04 
       2.544488881212e-02       2.365376763953e+04 
       2.558098286255e-02       2.358649806751e+04 
       2.571723272659e-02       2.351819145988e+04 
       2.585364181543e-02       2.344948807094e+04 
       2.599021362536e-02       2.338043059324e+04 
       2.612695174015e-02       2.331110766665e+04 
       2.626385983348e-02       2.324103269578e+04 
       2.640094167151e-02       2.317065918508e+04 
       2.653820111547e-02       2.310025084874e+04 
       2.667564212443e-02       2.302897787247e+04 
       2.681326875806e-02       2.295747077686e+04 
       2.695108517961e-02       2.288552924980e+04 
       2.708909565889e-02       2.281317433199e+04 
       2.722730457538e-02       2.274060865883e+04 
       2.736571642155e-02       2.266779875618e+04 
       2.750433580613e-02       2.259450901257e+04 
       2.764316745766e-02       2.252094476552e+04 
       2.778221622809e-02       2.244711417418e+04 
       2.792148709649e-02       2.237316190840e+04 
       2.806098517300e-02       2.229854301149e+04 
       2.820071570282e-02       2.222411353420e+04 
       2.834068407041e-02       2.214914442128e+04 
       2.848089580385e-02       2.207366985304e+04 
       2.862135657935e-02       2.199843506635e+04 
       2.876207222592e-02       2.192271143128e+04 
       2.890304873032e-02       2.184690876825e+04 
       2.904429224203e-02       2.177055909467e+04 
       2.918580907861e-02       2.169433468166e+04 
       2.932760573113e-02       2.161790255438e+04 
       2.946968886989e-02       2.154102308667e+04 
       2.961206535038e-02       2.146424271692e+04 
       2.975474221943e-02       2.138718573397e+04 
       2.989772672167e-02       2.130994644983e+04 
       3.004102630621e-02       2.123250593682e+04 
       3.018464863370e-02       2.115503359838e+04 
       3.032860158352e-02       2.107722680629e+04 
       3.047289326147e-02       2.099947520496e+04 
       3.061753200766e-02       2.092150407641e+04 
       3.076252640476e-02       2.084354129404e+04 
       3.090788528671e-02       2.076547212773e+04 
       3.105361774768e-02       2.068717534302e+04 
       3.119973315151e-02       2.060880146953e+04 
       3.134624114162e-02       2.053025952920e+04 
       3.149315165122e-02       2.045172035198e+04 
       3.164047491419e-02       2.037307802403e+04 
       3.178822147627e-02       2.029432595776e+04 
       3.193640220692e-02       2.021572940958e+04 
       3.208502831170e-02       2.013691429802e+04 
       3.223411134516e-02       2.005789945225e+04 
       3.238366322452e-02       1.997904730397e+04 
       3.253369624383e-02       1.990021338272e+04 
       3.268422308897e-02       1.982116331847e+04 
       3.283525685331e-02       1.974215997103e+04 
       3.298681105422e-02       1.966313836582e+04 
       3.313889965035e-02       1.958396419587e+04 
       3.329153705984e-02       1.950492318417e+04 
       3.344473817948e-02       1.942573147067e+04 
       3.359851840481e-02       1.934667359712e+04 
       3.375289365137e-02       1.926762418526e+04 
       3.390788037700e-02       1.918840506863e+04 
       3.406349560540e-02       1.910926998281e+04 
       3.421975695095e-02       1.903006853652e+04 
       3.437668264490e-02       1.895107787379e+04 
       3.453429156303e-02       1.887185575344e+04 
       3.469260325482e-02       1.879280127381e+04 
       3.485163797439e-02       1.871365324408e+04 
       3.501141671309e-02       1.863471203439e+04 
       3.517196123408e-02       1.855564474008e+04 
       3.533329410891e-02       1.847649592135e+04 
       3.549543875630e-02       1.839759837421e+04 
       3.565841948324e-02       1.831849806222e+04 
       3.582226152858e-02       1.823952008123e+04 
       3.598699110941e-02       1.816068881370e+04 
       3.615263547020e-02       1.808185168282e+04 
       3.631922293514e-02       1.800288583214e+04 
       3.648678296383e-02       1.792418624228e+04 
       3.665534621057e-02       1.784536955125e+04 
       3.682494458748e-02       1.776662884939e+04 
       3.699561133198e-02       1.768777090494e+04 
       3.716738107864e-02       1.760915994046e+04 
       3.734028993607e-02       1.753045096003e+04 
       3.751437556906e-02       1.745185067578e+04 
       3.768967728653e-02       1.737329152607e+04 
       3.786623613567e-02       1.729474892254e+04 
       3.804409500298e-02       1.721617691886e+04 
       3.822329872254e-02       1.713774812410e+04 
       3.840389419248e-02       1.705929777333e+04 
       3.858593050008e-02       1.698071099821e+04 
       3.876945905647e-02       1.690238925973e+04 
       3.895453374177e-02       1.682397688624e+04 
       3.914121106166e-02       1.674557110027e+04 
       3.932955031634e-02       1.666723543163e+04 
       3.951961378334e-02       1.658878765125e+04 
       3.971146691524e-02       1.651042523979e+04 
       3.990517855398e-02       1.643203930176e+04 
       4.010082116342e-02       1.635369400997e+04 
       4.029847108188e-02       1.627543116394e+04 
       4.049820879692e-02       1.619701022139e+04 
       4.070011924464e-02       1.611865145824e+04 
       4.090429213612e-02       1.604005749542e+04 
       4.111082231400e-02       1.596167708335e+04 
       4.131981014265e-02       1.588317829310e+04 
       4.153136193556e-02       1.580470384803e+04 
       4.174559042444e-02       1.572605955086e+04 
       4.196261527478e-02       1.564741171146e+04 
       4.218256365362e-02       1.556856497929e+04 
       4.240557085572e-02       1.548971518248e+04 
       4.263178099548e-02       1.541077324482e+04 
       4.286134777303e-02       1.533172308101e+04 
       4.309443532392e-02       1.525270331489e+04 
       4.333121916359e-02       1.517339592357e+04 
       4.357188723927e-02       1.509388154113e+04 
       4.381664110418e-02       1.501429628290e+04 
       4.406569723112e-02       1.493451790664e+04 
       4.431928848542e-02       1.485456259121e+04 
       4.457766578068e-02       1.477449009107e+04 
       4.484109994452e-02       1.469388738946e+04 
       4.510988382673e-02       1.461319951858e+04 
       4.538433468745e-02       1.453219748872e+04 
       4.566479691065e-02       1.445089119766e+04 
       4.595164509587e-02       1.436931712970e+04 
       4.624528759215e-02       1.428756113037e+04 
       4.654617055002e-02       1.420490133229e+04 
       4.685478258300e-02       1.412220698574e+04 
       4.717166014892e-02       1.403880011035e+04 
       4.749739378445e-02       1.395519838074e+04 
       4.783263535514e-02       1.387079484623e+04 
       4.817810651936e-02       1.378592541511e+04 
       4.853460864905e-02       1.370001349007e+04 
       4.890303450685e-02       1.361391703455e+04 
       4.928438205019e-02       1.352650098257e+04 
       4.967977082258e-02       1.343880714530e+04 
       5.009046150660e-02       1.334951289280e+04 
       5.051787935797e-02       1.325932306473e+04 
       5.096364242509e-02       1.316833788756e+04 
       5.142959569394e-02       1.307596736143e+04 
       5.191785259835e-02       1.298188645402e+04 
       5.243084571529e-02       1.288611934128e+04 
       5.297138894153e-02       1.278867700536e+04 
       5.354275403591e-02       1.268844183077e+04 
       5.414876511446e-02       1.258698175468e+04 
       5.479391548097e-02       1.248134335630e+04 
       5.548351197625e-02       1.237408975416e+04 
       5.622385261360e-02       1.226208824389e+04 
       5.702244314257e-02       1.214568909530e+04 
       5.788825632155e-02       1.202376013162e+04 
       5.883203206600e-02       1.189508841641e+04 
       5.986660351782e-02       1.175821183157e+04 
       6.100720695421e-02       1.161104376114e+04 
       6.227168240564e-02       1.145032786772e+04 
       6.368038550696e-02       1.127268921658e+04 
       6.525550754621e-02       1.107326553299e+04 
       6.701937909435e-02       1.084506508990e+04 
       6.899135178928e-02       1.058176215546e+04 
       7.118328441364e-02       1.027483888016e+04 
       7.359472081445e-02       9.919369121872e+03 
       7.621010715819e-02       9.512753876835e+03 
       7.900039316375e-02       9.059839279411e+03 
       8.192902712933e-02       8.572508931474e+03 
       8.495938968620e-02       8.067932618307e+03 
       8.806022140175e-02       7.565699415440e+03 
       9.120773359322e-02       7.084647527153e+03 
       9.438521560905e-02       6.640341007246e+03 
       9.758154304618e-02       6.244072139535e+03 
       1.007895644584e-01       5.901097991485e+03 
       1.040047831212e-01       5.612301289686e+03 
       1.072244102659e-01       5.374517603538e+03 
       1.104467309252e-01       5.181113389253e+03 
       1.136706958394e-01       5.023355067500e+03 
       1.168956649633e-01       4.891455597476e+03 
       1.201212485087e-01       4.774771883349e+03 
       1.233472092638e-01       4.663938909976e+03 
       1.265734028713e-01       4.550403312290e+03 
       1.297997414270e-01       4.428068092809e+03 
       1.330261713326e-01       4.293430029038e+03 
       1.362526598354e-01       4.144949072600e+03 
       1.394791868528e-01       3.984585099272e+03 
       1.427057400077e-01       3.815465269622e+03 
       1.459323116143e-01       3.642412138427e+03 
       1.491588968471e-01       3.470517281337e+03 
       1.523854926294e-01       3.304809829826e+03 
       1.556120969570e-01       3.149810925702e+03 
       1.588387084872e-01       3.008833922505e+03 
       1.620653262884e-01       2.883887757382e+03 
       1.652919496872e-01       2.775706357704e+03 
       1.685185781747e-01       2.683668670188e+03 
       1.717452113494e-01       2.606234631790e+03 
       1.749718488815e-01       2.541025799126e+03 
       1.781984904906e-01       2.485126799034e+03 
       1.814251359320e-01       2.435356618934e+03 
       1.846517849878e-01       2.389040157745e+03 
       1.878784374608e-01       2.343297151482e+03 
       1.911050931708e-01       2.295411874456e+03 
       1.943317519517e-01       2.243835611447e+03 
       1.975584136499e-01       2.187629871108e+03 
       2.007850781222e-01       2.126913757777e+03 
       2.040117452353e-01       2.062305161263e+03 
       2.072384148643e-01       1.995274132873e+03 
       2.104650868924e-01       1.927315387078e+03 
       2.136917612099e-01       1.860244380241e+03 
       2.169184377137e-01       1.795477471754e+03 
       2.201451163071e-01       1.734330462691e+03 
       2.233717968987e-01       1.677712131173e+03 
       2.265984794026e-01       1.626215080326e+03 
       2.298251637376e-01       1.580014477230e+03 
       2.330518498272e-01       1.539096286619e+03 
       2.362785375990e-01       1.502933586989e+03 
       2.395052269844e-01       1.470908216696e+03 
       2.427319179189e-01       1.442131705426e+03 
       2.459586103409e-01       1.415557340468e+03 
       2.491853041924e-01       1.390192645281e+03 
       2.524119994181e-01       1.365108776254e+03 
       2.556386959658e-01       1.339636206498e+03 
       2.588653937856e-01       1.313302320896e+03 
       2.620920928303e-01       1.285813995149e+03 
       2.653187930549e-01       1.257188595806e+03 
       2.685454944167e-01       1.227482200508e+03 
       2.717721968748e-01       1.197065168048e+03 
       2.749989003906e-01       1.166347830036e+03 
       2.782256049269e-01       1.135814279736e+03 
       2.814523104485e-01       1.105999227359e+03 
       2.846790169217e-01       1.077386287047e+03 
       2.879057243143e-01       1.050315428955e+03 
       2.911324325956e-01       1.025069274285e+03 
       2.943591417362e-01       1.001724044996e+03 
       2.975858517079e-01       9.802605679464e+02 
       3.008125624840e-01       9.604937399725e+02 
       3.040392740386e-01       9.422085958540e+02 
       3.072659863471e-01       9.251365691526e+02 
       3.104926993859e-01       9.089913457471e+02 
       3.137194131323e-01       8.934803426083e+02 
       3.169461275646e-01       8.783081618375e+02 
       3.201728426620e-01       8.632543143076e+02 
       3.233995584044e-01       8.480933251814e+02 
       3.266262747727e-01       8.327327788110e+02 
       3.298529917484e-01       8.171299882748e+02 
       3.330797093137e-01       8.012988083719e+02 
       3.363064274516e-01       7.853453639330e+02 
       3.395331461457e-01       7.694210344234e+02 
       3.427598653802e-01       7.536455144226e+02 
       3.459865851400e-01       7.381928244116e+02 
       3.492133054103e-01       7.231532049873e+02 
       3.524400261772e-01       7.086551222659e+02 
       3.556667474270e-01       6.947784141172e+02 
       3.588934691467e-01       6.815747954426e+02 
       3.621201913235e-01       6.690508256536e+02 
       3.653469139455e-01       6.572167117415e+02 
       3.685736370008e-01       6.459928224441e+02 
       3.718003604781e-01       6.353112371627e+02 
       3.750270843664e-01       6.250412479887e+02 
       3.782538086553e-01       6.150918923239e+02 
       3.814805333344e-01       6.053843146044e+02 
       3.847072583939e-01       5.958001017288e+02 
       3.879339838244e-01       5.863221029952e+02 
       3.911607096165e-01       5.769175250142e+02 
       3.943874357614e-01       5.675382763519e+02 
       3.976141622504e-01       5.582039596383e+02 
       4.008408890753e-01       5.489142269455e+02 
       4.040676162278e-01       5.396950592270e+02 
       4.072943437003e-01       5.305671175258e+02 
       4.105210714851e-01       5.215956893725e+02 
       4.137477995749e-01       5.128157031245e+02 
       4.169745279625e-01       5.042633492191e+02 
       4.202012566412e-01       4.959584273109e+02 
       4.234279856042e-01       4.879234374621e+02 
       4.266547148450e-01       4.801512743902e+02 
       4.298814443574e-01       4.726410142744e+02 
       4.331081741352e-01       4.653776361941e+02 
       4.363349041727e-01       4.583488418944e+02 
       4.395616344639e-01       4.515420790021e+02 
       4.427883650034e-01       4.449291653835e+02 
       4.460150957857e-01       4.384945693268e+02 
       4.492418268057e-01       4.321834312315e+02 
       4.524685580581e-01       4.259876780907e+02 
       4.556952895381e-01       4.198865490645e+02 
       4.589220212408e-01       4.138518292655e+02 
       4.621487531615e-01       4.078841354188e+02 
       4.653754852958e-01       4.019857710495e+02 
       4.686022176390e-01       3.961551136878e+02 
       4.718289501871e-01       3.904153528556e+02 
       4.750556829357e-01       3.847473297335e+02 
       4.782824158808e-01       3.791667706743e+02 
       4.815091490185e-01       3.736905599224e+02 
       4.847358823448e-01       3.683247250164e+02 
       4.879626158561e-01       3.630739414661e+02 
       4.911893495486e-01       3.579622651687e+02 
       4.944160834189e-01       3.529911679306e+02 
       4.976428174633e-01       3.481376440484e+02 
       5.008695516787e-01       3.434201826805e+02 
       5.040962860616e-01       3.388210734983e+02 
       5.073230206089e-01       3.343217876872e+02 
       5.105497553174e-01       3.299114393913e+02 
       5.137764901841e-01       3.255921568387e+02 
       5.170032252060e-01       3.213552003148e+02 
       5.202299603802e-01       3.171830903358e+02 
       5.234566957039e-01       3.130782979537e+02 
       5.266834311744e-01       3.090313472674e+02 
       5.299101667889e-01       3.050379733949e+02 
       5.331369025448e-01       3.010958133647e+02 
       5.363636384396e-01       2.972068944882e+02 
       5.395903744708e-01       2.933767297754e+02 
       5.428171106359e-01       2.896108420486e+02 
       5.460438469325e-01       2.859085112902e+02 
       5.492705833584e-01       2.822830963445e+02 
       5.524973199112e-01       2.787190084611e+02 
       5.557240565888e-01       2.752208067677e+02 
       5.589507933889e-01       2.717912020636e+02 
       5.621775303095e-01       2.684338890095e+02 
       5.654042673484e-01       2.651331100493e+02 
       5.686310045037e-01       2.619012154436e+02 
       5.718577417734e-01       2.587300711431e+02 
       5.750844791556e-01       2.556222930887e+02 
       5.783112166483e-01       2.525685575583e+02 
       5.815379542498e-01       2.495692983969e+02 
       5.847646919581e-01       2.466138241925e+02 
       5.879914297717e-01       2.437013384206e+02 
       5.912181676886e-01       2.408353669702e+02 
       5.944449057073e-01       2.380158124749e+02 
       5.976716438261e-01       2.352362143736e+02 
       6.008983820433e-01       2.325071763459e+02 
       6.041251203574e-01       2.298077224227e+02 
       6.073518587669e-01       2.271533886901e+02 
       6.105785972701e-01       2.245332531020e+02 
       6.138053358658e-01       2.219535581929e+02 
       6.170320745523e-01       2.194164881996e+02 
       6.202588133282e-01       2.169188611879e+02 
       6.234855521923e-01       2.144678429151e+02 
       6.267122911430e-01       2.120545363698e+02 
       6.299390301792e-01       2.096862288215e+02 
       6.331657692994e-01       2.073546987449e+02 
       6.363925085023e-01       2.050593385164e+02 
       6.396192477868e-01       2.028000909247e+02 
       6.428459871516e-01       2.005777462002e+02 
       6.460727265955e-01       1.983919006291e+02 
       6.492994661173e-01       1.962408921283e+02 
       6.525262057158e-01       1.941239563815e+02 
       6.557529453900e-01       1.920361699752e+02 
       6.589796851386e-01       1.899822718450e+02 
       6.622064249607e-01       1.879523641973e+02 
       6.654331648551e-01       1.859502249917e+02 
       6.686599048207e-01       1.839768114253e+02 
       6.718866448567e-01       1.820336806202e+02 
       6.751133849619e-01       1.801149934122e+02 
       6.783401251353e-01       1.782312976869e+02 
       6.815668653760e-01       1.763719556728e+02 
       6.847936056831e-01       1.745382315121e+02 
       6.880203460556e-01       1.727299541403e+02 
       6.912470864925e-01       1.709476873643e+02 
       6.944738269930e-01       1.691905339659e+02 
       6.977005675562e-01       1.674639907089e+02 
       7.009273081813e-01       1.657599569288e+02 
       7.041540488673e-01       1.640872420155e+02 
       7.073807896134e-01       1.624315354582e+02 
       7.106075304189e-01       1.608007073903e+02 
       7.138342712828e-01       1.591944918702e+02 
       7.170610122045e-01       1.576076736169e+02 
       7.202877531832e-01       1.560412740030e+02 
       7.235144942180e-01       1.544987863896e+02 
       7.267412353082e-01       1.529813931679e+02 
       7.299679764532e-01       1.514805345306e+02 
       7.331947176521e-01       1.500016640805e+02 
       7.364214589042e-01       1.485409233546e+02 
       7.396482002089e-01       1.471000382941e+02 
       7.428749415655e-01       1.456769243979e+02 
       7.461016829733e-01       1.442746345844e+02 
       7.493284244316e-01       1.428902514614e+02 
       7.525551659398e-01       1.415239290371e+02 
       7.557819074973e-01       1.401793146097e+02 
       8.254284252294e-01       1.150000929938e+02 
       9.259706782132e-01       8.858873729146e+01 
       1.085505855486e+00       6.145488745177e+01 
       1.338370898014e+00       3.765475354102e+01 
       1.682517269807e+00       2.183772645900e+01 
       2.118121392081e+00       1.250857245840e+01 
       2.666556700445e+00       7.105618665351e+00 
       3.356995992111e+00       4.006330297698e+00 
       4.226207561760e+00       2.243671739110e+00 
       5.320480095016e+00       1.248843392860e+00 
       6.698087594560e+00       6.911670268570e-01 
       8.432392683215e+00       3.805604418189e-01 
       1.061575343113e+01       2.085426759490e-01 
       1.336444175979e+01       1.137720433159e-01 
       1.682483534584e+01       6.181272048924e-02 
       2.118121276613e+01       3.345351400722e-02 
       2.666556700390e+01       1.803755281716e-02 
       3.356995992111e+01       9.689829803235e-03 
       4.226207561760e+01       5.185988247518e-03 
       5.320480095016e+01       2.764560023386e-03 
       6.698087594560e+01       1.467134034625e-03 
       8.432392683215e+01       7.743826247364e-04 
       1.061575343113e+02       4.059451002495e-04 
