1.000000000000000082e-05 1.153346455873386844e+01
1.304901978014401602e-05 1.153345384608099344e+01
1.702769172225901238e-05 1.153344669157346658e+01
2.221946860939523699e-05 1.153343051662938556e+01
2.899422853882875156e-05 1.153342012110366177e+01
3.783462617131932846e-05 1.153340876316592833e+01
4.937047852839003943e-05 1.153339141279970192e+01
6.442363508721369713e-05 1.153337726772904404e+01
8.406652885618316176e-05 1.153336031653727289e+01
1.096985797892384082e-04 1.153333791525069785e+01
1.431458937523478591e-04 1.153331443833398495e+01
1.867913599020782809e-04 1.153328610998485892e+01
2.437444150122221819e-04 1.153324791199357158e+01
3.180625692794118915e-04 1.153320770155356456e+01
4.150404757850476825e-04 1.153315737063251056e+01
5.415871378079476200e-04 1.153309711898253020e+01
7.067181273927491871e-04 1.153302853125170913e+01
9.221978823334321543e-04 1.153294347853240254e+01
1.203377840777589310e-03 1.153284369992721636e+01
1.570290124729377445e-03 1.153272586007853562e+01
2.049074689815846059e-03 1.153258613039279545e+01
2.673841615839946464e-03 1.153241856111663388e+01
3.489101213406773684e-03 1.153222143088223106e+01
4.552935074866947852e-03 1.153198659155936845e+01
5.941133984965033497e-03 1.153170917574542997e+01
7.752597488629464108e-03 1.153138085367155341e+01
1.011637979766207007e-02 1.153099322305559582e+01
1.320088400831418048e-02 1.153053501101461009e+01
1.722585965398787389e-02 1.152999511803686516e+01
2.247805833548725124e-02 1.152935987638024962e+01
2.933166278390045290e-02 1.152861331821602953e+01
3.827494478516311333e-02 1.152773701233645731e+01
4.994505115855139843e-02 1.152671033097570685e+01
6.517339604882427251e-02 1.152551018831604068e+01
8.504489341802677627e-02 1.152410833194978323e+01
1.109752496412072104e-01 1.152247578342738699e+01
1.448118227674533021e-01 1.152057790125048164e+01
1.889652339691211547e-01 1.151837603987284986e+01
2.465811075822604004e-01 1.151582719100309404e+01
3.217641750250735400e-01 1.151288402953909440e+01
4.198707084443905613e-01 1.150949331030271416e+01
5.478901179593944626e-01 1.150560158693938817e+01
7.149428986597576863e-01 1.150113014214858431e+01
9.329304026284677143e-01 1.149602377177649792e+01
1.217382727739662052e+00 1.149020136530933556e+01
1.588565129428052725e+00 1.148358085654438909e+01
2.072921779595370051e+00 1.147607374829213001e+01
2.704959730463137202e+00 1.146758543973498590e+01
3.529707302730650031e+00 1.145801526461437980e+01
4.605922041145103840e+00 1.144725673419988432e+01
6.010276782070388180e+00 1.143519784525676464e+01
7.842822061337681561e+00 1.142172154852224786e+01
1.023411402105452694e+01 1.140670618834232819e+01
1.335451562929900149e+01 1.139002620595265824e+01
1.742633386009650920e+01 1.137155286185218550e+01
2.273965752357927528e+01 1.135115502680531030e+01
2.967302408188872676e+01 1.132870024166608047e+01
3.872038781812557318e+01 1.130405534146759550e+01
5.052631065335679494e+01 1.127708825080872934e+01
6.593188271333541195e+01 1.124766820647889354e+01
8.603464416684509786e+01 1.121566781282898262e+01
1.122667773510813589e+02 1.118096347916473299e+01
1.464971398307284858e+02 1.114343723364469696e+01
1.911644075385703729e+02 1.110297750045634402e+01
2.494508135230316554e+02 1.105948043985768159e+01
3.255088599835056584e+02 1.101285111112971116e+01
4.247571552536902573e+02 1.096300438340539074e+01
5.542664520663107623e+02 1.090986597459363772e+01
7.232633896483533817e+02 1.085337333637981239e+01
9.437878277775390643e+02 1.079347639191635011e+01
1.231550603292826054e+03 1.073013810721931272e+01
1.607052818261638549e+03 1.066333532770802250e+01
2.097046401323230839e+03 1.059305826509704218e+01
2.736439997074666280e+03 1.051931199419465024e+01
3.570785964900469935e+03 1.044211544602393360e+01
4.659525668664687146e+03 1.036150185951009917e+01
6.080224261649426808e+03 1.027751835965085014e+01
7.934096665797492278e+03 1.019022574111978230e+01
1.035321843295661529e+04 1.009969789986803157e+01
1.350993521198025155e+04 1.000602123175526259e+01
1.762914118095944286e+04 9.909293770628782028e+00
2.300430119772921535e+04 9.809624642447056786e+00
3.001835813575591965e+04 9.707132784965047279e+00
3.917101490809260576e+04 9.601946586806521466e+00
5.111433483440165583e+04 9.494201743721815134e+00
6.669919663030114316e+04 9.384041196299772736e+00
8.703591361485148082e+04 9.271613395550586390e+00
1.135733358343107393e+05 9.157071390119543963e+00
1.482020705798859999e+05 9.040571609597225944e+00
1.933891750455232104e+05 8.922272601342751130e+00
2.523539170434765983e+05 8.802333949027133286e+00
3.292971255097148241e+05 8.680814135537675114e+00
4.297004704320835299e+05 8.558174404387996148e+00
5.607169938205470098e+05 8.434268243244412488e+00
7.316807143427206902e+05 8.309349371167266796e+00
9.547716114208066138e+05 8.183567021772395478e+00
1.245883364295008127e+06 8.057065572877959880e+00
1.625755666443793336e+06 7.929983404940785796e+00
2.121451784910627641e+06 7.802453122399636953e+00
2.768286630392061081e+06 7.674600640352896797e+00
3.612342699709437788e+06 7.546544528672509244e+00
4.713753134116728790e+06 7.418396027393050041e+00
6.150985788580504246e+06 7.290258311464645757e+00
8.026433522257173434e+06 7.162227928852412440e+00
1.047370897959448583e+07 7.034392054496974467e+00
1.366716356462004595e+07 6.906831008735511368e+00
1.783430876931912825e+07 6.779617416303007182e+00
2.327202478960411996e+07 6.652817219547591421e+00
3.036771118035460636e+07 6.526489025031083635e+00
3.962688638701478392e+07 6.400685606050775078e+00
5.170920242896755040e+07 6.275454162452926532e+00
6.747544053110685945e+07 6.150836981367441503e+00
8.804883581643483043e+07 6.026871260451557966e+00
1.148951000187310874e+08 5.903592053396973682e+00
1.499268432786047161e+08 5.781030384451507409e+00
1.956398343517064750e+08 5.659214240227590231e+00
2.552908068239516616e+08 5.538170975083819947e+00
3.331294787934669852e+08 5.417925143386523423e+00
4.347013158125017285e+08 5.298500230074510320e+00
5.672426068491989374e+08 5.179918611293973463e+00
7.401959996915652752e+08 5.062202042057734275e+00
9.658832241158708334e+08 4.945371093789423966e+00
1.260382929679727316e+09 4.829446344313464756e+00
1.644676177994662762e+09 4.714447197671715273e+00
2.146141197858401537e+09 4.600393414791118296e+00
2.800503894183636665e+09 4.487304386995238481e+00
3.654383070957262039e+09 4.375199459205225239e+00
4.768611697714474678e+09 4.264097818918013871e+00
6.222570836730231285e+09 4.154018919710154911e+00
8.119844993184008598e+09 4.044981979131290650e+00
1.059560179277614784e+10 3.937006927004075951e+00
1.382622173764653587e+10 3.830113427246898183e+00
1.804186409392075348e+10 3.724321254581032470e+00
2.354286414322420120e+10 3.619650676993379612e+00
3.072112998861759186e+10 3.516122075223813148e+00
4.008806328898464966e+10 3.413755990989686406e+00
5.231099308056258392e+10 3.312568647826996227e+00
6.826071834272378540e+10 3.212595209163826571e+00
8.907354638610458374e+10 3.113842796072717967e+00
1.162322468679849396e+11 3.016338056514098476e+00
1.516716888470924072e+11 2.920102947237822377e+00
1.979166867853565369e+11 2.825159379810500138e+00
2.582618760682674866e+11 2.731530122478607936e+00
3.370064329271938477e+11 2.639237775871788649e+00
4.397603609302712402e+11 2.548305020669880072e+00
5.738441648302404785e+11 2.458754917496526637e+00
7.488103857590000000e+11 2.370610761669844191e+00
9.771241535346501465e+11 2.283896045844125311e+00
1.275051240713018066e+12 2.198634355894353298e+00
1.663816886076127441e+12 2.114849101050691793e+00
2.171117945694509766e+12 2.032564007111914428e+00
2.833096101839318359e+12 1.951802474919184238e+00
3.696912707195032227e+12 1.872588089369236153e+00
4.824108704165353516e+12 1.794943366558868991e+00
6.294988990221887695e+12 1.718891953510197634e+00
8.214343584919455078e+12 1.644456133675405773e+00
1.071891319205126367e+13 1.571658371510463059e+00
1.398713102647241602e+13 1.500520168447033287e+00
1.825183494319038672e+13 1.431062922953075578e+00
2.381685551976160547e+13 1.363306933744277361e+00
3.107866187782001172e+13 1.297272119883938091e+00
4.055460735840827344e+13 1.232977115371194365e+00
5.291978735958458594e+13 1.170439535739603354e+00
6.905513520162316406e+13 1.109675867911112723e+00
9.011018251665037500e+13 1.050701291721736652e+00
1.175849554052153281e+14 9.935292823579213728e-01
1.534368408930013125e+14 9.381719265314030221e-01
2.002200371815592500e+14 8.846391577415628760e-01
2.612675225563326562e+14 8.329389383374689038e-01
3.409285069746821250e+14 7.830771919551783311e-01
4.448782831127576250e+14 7.350569706090044342e-01
5.805225516094907500e+14 6.888794547998953188e-01
7.575250258771888750e+14 6.445426005345012976e-01
9.884959046625586250e+14 6.020417374420010681e-01
1.289890261253313250e+15 5.613685843003548559e-01
1.683180353330955000e+15 5.225125156917453939e-01
2.196385372416551500e+15 4.854590388759770225e-01
2.866067616948244500e+15 4.501896815812365671e-01
3.739937302478801500e+15 4.166832467634406512e-01
4.880251583654414000e+15 3.849146197551217008e-01
6.368249944718586000e+15 3.548549511650482824e-01
8.309941949353421000e+15 3.264722260074912064e-01
1.084365968689608600e+16 2.997303383283481115e-01
1.414991297434578800e+16 2.745899425600358823e-01
1.846424942895538800e+16 2.510084233428219180e-01
2.409403560239526800e+16 2.289399165768556399e-01
3.144035471591512800e+16 2.083345885653122287e-01
4.102658105827190400e+16 1.891374434039779506e-01
5.353566677410740800e+16 1.712943166255616878e-01
6.985879746785234400e+16 1.547936062028138771e-01
9.115888299750836800e+16 1.396861089451222893e-01
1.189534067370315840e+17 1.259432867408387668e-01
1.552225357427048000e+17 1.134099212740539292e-01
2.025501939230674880e+17 1.019145624458698829e-01
2.643081486974103040e+17 9.133533231950713427e-02
3.448962260405767040e+17 8.159808899451477526e-02
4.500557675700488320e+17 7.265845365127594768e-02
5.872786613189488640e+17 6.448413919987786014e-02
7.663410868007431680e+17 5.704565927006755716e-02
1.000000000000000000e+18 5.030959494069166260e-02
